0
1
2
3
4
5
6
7
9
11
12
14
15
16
17
20
23
24
25
26
28
29
30
33
35
36
37
39
41
42
43
49
53
54
56
58
59
60
61
67
69
70
74
76
77
79
80
81
83
84
85
86
91
92
93
97
101
105
106
108
110
111
112
114
115
118
119
121
123
128
129
130
134
135
137
138
139
140
142
145
146
148
150
151
154
161
162
168
169
170
171
174
176
177
178
181
182
184
186
188
190
192
194
197
198
203
204
205
206
207
209
210
211
212
213
215
217
219
220
221
222
223
225
226
227
228
229
231
235
236
238
239
244
250
252
253
254
256
258
260
262
263
267
269
270
272
273
274
275
276
279
283
284
285
289
294
296
297
301
306
308
309
310
311
314
315
318
319
322
326
327
332
336
338
341
344
345
348
349
351
352
353
354
355
356
359
362
363
364
367
368
375
377
381
385
386
389
395
400
402
403
405
410
414
417
419
421
422
427
430
431
433
434
435
436
443
446
448
449
454
455
456
458
459
460
464
465
466
467
470
471
474
475
477
479
480
481
483
484
487
490
491
492
494
496
497
498
505
506
508
509
511
512
515
519
521
522
525
526
527
528
530
533
536
539
540
541
542
544
545
546
551
554
557
563
564
565
572
578
581
585
586
587
592
597
598
600
601
602
615
617
619
624
634
636
637
645
648
650
651
653
654
657
659
820
821
822
823
824
825
826
827
828
829
830
831
832
833
834
835
836
837
838
839
840
841
842
843
844
845
846
847
848
849
850
851
852
853
854
855
856
857
858
859
860
861
862
863
864
865
866
867
868
869
870
871
872
873
874
875
876
877
878
879
880
900
1105
1296
990
887
1244
1246
1360
1156
1241
956
1205
960
1382
1002
1044
1320
1230
1361
1325
1098
1088
1218
944
884
1216
1104
1127
1173
1300
975
1185
1115
1061
1259
1210
1256
968
1279
1052
1242
1311
1375
1353
1317
1204
1310
1315
1110
1050
1285
895
1123
1352
1164
1348
972
897
929
1074
1182
1087
1263
991
1372
1083
1137
962
1096
1222
1233
1053
1122
959
1318
943
957
1142
914
1379
1284
1144
890
1327
1238
964
954
1224
947
1187
881
971
1235
1100
1367
1247
1374
1016
1232
1195
1056
1161
1041
1043
967
1060
905
1193
1118
1045
1225
933
1314
1388
1316
1335
1093
1340
1055
1294
1209
1040
963
924
1155
1231
969
1178
1186
1282
1212
1293
1031
1158
980
951
1298
1305
1108
1278
977
1252
1267
1301
1145
1078
1012
1183
1329
1174
1063
1049
1347
1171
1343
1302
1184
1000
1272
1166
1113
1022
1099
970
1029
1217
984
1349
1018
1266
891
1121
906
1202
1228
1207
1303
1390
1072
1139
1337
1323
1324
1376
1003
1028
1064
1211
1373
1312
996
982
1368
987
1013
931
979
1094
1011
1111
942
1215
1039
1047
1151
1356
1077
1362
1180
1237
1236
1090
1203
1273
1084
1342
903
916
926
1009
973
1034
908
923
1176
1258
885
1019
1276
1004
1168
1389
1221
1008
992
1054
1085
978
1066
1027
1005
955
1067
1020
1289
1297
1328
1313
1341
1010
909
1057
1255
899
983
918
896
927
940
995
952
1175
1136
1243
981
1365
1070
1366
985
1106
974
1339
1304
949
883
937
1357
1206
1167
1344
1030
1103
1359
1307
946
939
1125
1192
1124
1383
1281
936
1378
1071
1051
1038
935
1251
1384
1214
1120
994
1007
1021
921
1385
1172
1091
1032
1116
1364
1126
1213
1358
1135
1197
1249
1075
1165
1265
1280
1181
1001
901
1157
1141
1114
1319
1069
1227
928
1147
1322
1308
1370
910
1080
1295
1292
1245
988
915
922
966
894
1036
1095
1177
1268
1199
1149
1269
1333
1133
1065
1131
993
1107
1288
1101
1283
1208
1330
898
1291
1234
1354
1223
976
1153
1331
913
1261
1191
1190
1048
989
1112
1219
1081
965
953
1025
1253
1150
1046
941
882
1059
1014
1196
1163
961
1377
1334
1128
1369
893
1338
1148
892
1275
1270
1387
1386
912
1250
1097
